links,link,title,title_detail,summary,summary_detail,published,published_parsed,id,guidislink
"[{'rel': 'alternate', 'type': 'text/html', 'href': 'http://www.lemonde.fr/mort-de-simone-veil/article/2017/07/01/un-supplement-du-monde-en-hommage-a-simone-veil_5154326_5153643.html'}, {'type': 'image/jpeg', 'length': '42796', 'href': 'http://s1.lemde.fr/image/2017/07/01/644x322/5154324_3_9aae_la-une-du-supplement-du-monde-cons_2d72cae7c8c4cb3f83e3fadd4482e25c.jpg', 'rel': 'enclosure'}]",http://www.lemonde.fr/mort-de-simone-veil/article/2017/07/01/un-supplement-du-monde-en-hommage-a-simone-veil_5154326_5153643.html,Le supplément du « Monde » dédié à Simone Veil,"{'type': 'text/plain', 'language': None, 'base': 'http://web.archive.org/web/20170701183727/http://www.lemonde.fr/disparitions/rss_full.xml', 'value': 'Le supplément du «\xa0Monde\xa0» dédié à Simone Veil'}",,"{'type': 'text/html', 'language': None, 'base': 'http://web.archive.org/web/20170701183727/http://www.lemonde.fr/disparitions/rss_full.xml', 'value': ''}","Sat, 01 Jul 2017 14:59:42 +0200","time.struct_time(tm_year=2017, tm_mon=7, tm_mday=1, tm_hour=12, tm_min=59, tm_sec=42, tm_wday=5, tm_yday=182, tm_isdst=0)",http://www.lemonde.fr/tiny/5154326/,False
"[{'rel': 'alternate', 'type': 'text/html', 'href': 'http://www.lemonde.fr/idees/article/2017/07/01/avec-simone-veil-et-helmut-kohl-s-eteint-la-generation-des-batisseurs-d-apres-guerre_5154298_3232.html'}, {'type': 'image/jpeg', 'length': '37954', 'href': 'http://s2.lemde.fr/image/2017/07/01/644x322/5154297_3_3632_simone-veil-lors-de-son-premier-discours-en_17cd300b437bc592a55e0b8fbac484bd.jpg', 'rel': 'enclosure'}]",http://www.lemonde.fr/idees/article/2017/07/01/avec-simone-veil-et-helmut-kohl-s-eteint-la-generation-des-batisseurs-d-apres-guerre_5154298_3232.html,« Avec Simone Veil et Helmut Kohl s’éteint la génération des bâtisseurs d’après-guerre »,"{'type': 'text/plain', 'language': None, 'base': 'http://web.archive.org/web/20170701183727/http://www.lemonde.fr/disparitions/rss_full.xml', 'value': '«\xa0Avec Simone Veil et Helmut Kohl s’éteint la génération des bâtisseurs d’après-guerre\xa0»'}","Dans sa chronique hebdomadaire, Sylvie Kauffmann, éditorialiste au « Monde », revient sur le parcours de ces deux grands Européens.","{'type': 'text/html', 'language': None, 'base': 'http://web.archive.org/web/20170701183727/http://www.lemonde.fr/disparitions/rss_full.xml', 'value': 'Dans sa chronique hebdomadaire, Sylvie Kauffmann, éditorialiste au «\xa0Monde\xa0», revient sur le parcours de ces deux grands Européens.'}","Sat, 01 Jul 2017 11:49:34 +0200","time.struct_time(tm_year=2017, tm_mon=7, tm_mday=1, tm_hour=9, tm_min=49, tm_sec=34, tm_wday=5, tm_yday=182, tm_isdst=0)",http://www.lemonde.fr/tiny/5154298/,False
"[{'rel': 'alternate', 'type': 'text/html', 'href': 'http://www.lemonde.fr/idees/article/2017/07/01/simone-veil-une-figure-de-proue_5154268_3232.html'}, {'type': 'image/jpeg', 'length': '27457', 'href': 'http://s1.lemde.fr/image/2017/07/01/644x322/5154267_3_f408_simone-veil-lors-de-son-entree-a-l_77436decab169593505207ae9be91e68.jpg', 'rel': 'enclosure'}]",http://www.lemonde.fr/idees/article/2017/07/01/simone-veil-une-figure-de-proue_5154268_3232.html,"Simone Veil, « une figure de proue »","{'type': 'text/plain', 'language': None, 'base': 'http://web.archive.org/web/20170701183727/http://www.lemonde.fr/disparitions/rss_full.xml', 'value': 'Simone Veil, «\xa0une figure de proue\xa0»'}","Editorial. Rescapée de la Shoah, Simone Veil n’était pas de ceux qui redoutent l’avenir. Elle a ainsi traversé, incarné, assumé les tragédies, mais aussi les promesses de la seconde moitié du XXe siècle.","{'type': 'text/html', 'language': None, 'base': 'http://web.archive.org/web/20170701183727/http://www.lemonde.fr/disparitions/rss_full.xml', 'value': 'Editorial. Rescapée de la Shoah, Simone Veil n’était pas de ceux qui redoutent l’avenir. Elle a ainsi traversé, incarné, assumé les tragédies, mais aussi les promesses de la seconde moitié du XXe\xa0siècle.'}","Sat, 01 Jul 2017 11:13:28 +0200","time.struct_time(tm_year=2017, tm_mon=7, tm_mday=1, tm_hour=9, tm_min=13, tm_sec=28, tm_wday=5, tm_yday=182, tm_isdst=0)",http://www.lemonde.fr/tiny/5154268/,False
"[{'rel': 'alternate', 'type': 'text/html', 'href': 'http://www.lemonde.fr/mort-de-simone-veil/article/2017/07/01/des-voix-s-elevent-pour-que-simone-veil-soit-inhumee-au-pantheon_5154265_5153643.html'}, {'type': 'image/jpeg', 'length': '56982', 'href': 'http://s2.lemde.fr/image/2017/07/01/644x322/5154264_3_53c9_le-pantheon_f8da30b6d236ed10c661a3a16fab02fb.jpg', 'rel': 'enclosure'}]",http://www.lemonde.fr/mort-de-simone-veil/article/2017/07/01/des-voix-s-elevent-pour-que-simone-veil-soit-inhumee-au-pantheon_5154265_5153643.html,Des voix s’élèvent pour que Simone Veil soit inhumée au Panthéon,"{'type': 'text/plain', 'language': None, 'base': 'http://web.archive.org/web/20170701183727/http://www.lemonde.fr/disparitions/rss_full.xml', 'value': 'Des voix s’élèvent pour que Simone Veil soit inhumée au Panthéon'}",De nombreuses personnalités politiques et associations militent pour que la défunte ait les honneurs du monument national.,"{'type': 'text/html', 'language': None, 'base': 'http://web.archive.org/web/20170701183727/http://www.lemonde.fr/disparitions/rss_full.xml', 'value': 'De nombreuses personnalités politiques et associations militent pour que la défunte ait les honneurs du monument national.'}","Sat, 01 Jul 2017 11:00:29 +0200","time.struct_time(tm_year=2017, tm_mon=7, tm_mday=1, tm_hour=9, tm_min=0, tm_sec=29, tm_wday=5, tm_yday=182, tm_isdst=0)",http://www.lemonde.fr/tiny/5154265/,False
"[{'rel': 'alternate', 'type': 'text/html', 'href': 'http://www.lemonde.fr/mort-de-simone-veil/article/2017/07/01/simone-veil-la-force-d-une-femme_5154241_5153643.html'}, {'type': 'image/jpeg', 'length': '30364', 'href': 'http://s1.lemde.fr/image/2017/07/01/644x322/5154270_3_e1f9_en-1979-pendant-la-campagne-pour-les-elections_321eca48eddd9359efac3addb2986152.jpg', 'rel': 'enclosure'}]",http://www.lemonde.fr/mort-de-simone-veil/article/2017/07/01/simone-veil-la-force-d-une-femme_5154241_5153643.html,"Simone Veil, la force d’une femme","{'type': 'text/plain', 'language': None, 'base': 'http://web.archive.org/web/20170701183727/http://www.lemonde.fr/disparitions/rss_full.xml', 'value': 'Simone Veil, la force d’une femme'}","Notre journaliste Annick Cojean, qui a eu l’occasion de rencontrer à plusieurs reprises l’ancienne ministre, décédée le 30 juin, raconte les moments marquants qu’elle a partagés avec cette grande figure du siècle.","{'type': 'text/html', 'language': None, 'base': 'http://web.archive.org/web/20170701183727/http://www.lemonde.fr/disparitions/rss_full.xml', 'value': 'Notre journaliste Annick Cojean, qui a eu l’occasion de rencontrer à plusieurs reprises l’ancienne ministre, décédée le 30 juin, raconte les moments marquants qu’elle a partagés avec cette grande figure du siècle.'}","Sat, 01 Jul 2017 10:37:43 +0200","time.struct_time(tm_year=2017, tm_mon=7, tm_mday=1, tm_hour=8, tm_min=37, tm_sec=43, tm_wday=5, tm_yday=182, tm_isdst=0)",http://www.lemonde.fr/tiny/5154241/,False
"[{'rel': 'alternate', 'type': 'text/html', 'href': 'http://www.lemonde.fr/mort-de-simone-veil/article/2017/07/01/merci-les-milliers-d-hommages-a-une-femme-exemplaire_5154065_5153643.html'}, {'type': 'image/jpeg', 'length': '32282', 'href': 'http://s2.lemde.fr/image/2017/07/01/644x322/5154125_3_3796_devant-chez-simone-veil-le-jour-de-sa-mort_4290c1fded8eaa29c2866b4d06d1b1cf.jpg', 'rel': 'enclosure'}]",http://www.lemonde.fr/mort-de-simone-veil/article/2017/07/01/merci-les-milliers-d-hommages-a-une-femme-exemplaire_5154065_5153643.html,« Merci » : les milliers d’hommages des Français à Simone Veil,"{'type': 'text/plain', 'language': None, 'base': 'http://web.archive.org/web/20170701183727/http://www.lemonde.fr/disparitions/rss_full.xml', 'value': '«\xa0Merci\xa0» :\xa0les milliers d’hommages des Français à Simone Veil'}","Des milliers d’anonymes et des personnalités françaises ou européennes ont réagi au décès de Simone Veil. Une cérémonie officielle se tiendra aux Invalides, mercredi.","{'type': 'text/html', 'language': None, 'base': 'http://web.archive.org/web/20170701183727/http://www.lemonde.fr/disparitions/rss_full.xml', 'value': 'Des milliers d’anonymes et des personnalités françaises ou européennes ont réagi au décès de Simone Veil. Une cérémonie officielle se tiendra aux Invalides, mercredi.'}","Sat, 01 Jul 2017 06:44:13 +0200","time.struct_time(tm_year=2017, tm_mon=7, tm_mday=1, tm_hour=4, tm_min=44, tm_sec=13, tm_wday=5, tm_yday=182, tm_isdst=0)",http://www.lemonde.fr/tiny/5154065/,False
"[{'rel': 'alternate', 'type': 'text/html', 'href': 'http://www.lemonde.fr/mort-de-simone-veil/article/2017/07/01/yvette-roudy-simone-veil-ne-sera-plus-la-pour-aider-les-femmes_5154063_5153643.html'}, {'type': 'image/jpeg', 'length': '39729', 'href': 'http://s1.lemde.fr/image/2017/07/01/644x322/5154061_3_da9c_simone-veil-vote-lors-des-premieres-elections-p_ab170c8e3d8269a20167645625941528.jpg', 'rel': 'enclosure'}]",http://www.lemonde.fr/mort-de-simone-veil/article/2017/07/01/yvette-roudy-simone-veil-ne-sera-plus-la-pour-aider-les-femmes_5154063_5153643.html,Yvette Roudy : « Simone Veil ne sera plus là pour aider les femmes »,"{'type': 'text/plain', 'language': None, 'base': 'http://web.archive.org/web/20170701183727/http://www.lemonde.fr/disparitions/rss_full.xml', 'value': 'Yvette Roudy : «\xa0Simone Veil ne sera plus là pour aider les femmes\xa0»'}","L’ancienne ministre des droits de la femme rend hommage à celle qui fut son amie et alliée pour, notamment, la conquête de la parité.","{'type': 'text/html', 'language': None, 'base': 'http://web.archive.org/web/20170701183727/http://www.lemonde.fr/disparitions/rss_full.xml', 'value': 'L’ancienne ministre des droits de la femme rend hommage à celle qui fut son amie et alliée pour, notamment, la conquête de la parité.'}","Sat, 01 Jul 2017 06:43:45 +0200","time.struct_time(tm_year=2017, tm_mon=7, tm_mday=1, tm_hour=4, tm_min=43, tm_sec=45, tm_wday=5, tm_yday=182, tm_isdst=0)",http://www.lemonde.fr/tiny/5154063/,False
"[{'rel': 'alternate', 'type': 'text/html', 'href': 'http://www.lemonde.fr/mort-de-simone-veil/portfolio/2017/07/01/la-presse-francaise-rend-hommage-a-simone-veil_5154016_5153643.html'}, {'type': 'image/png', 'length': '296385', 'href': 'http://s2.lemde.fr/image/2017/07/01/644x322/5154008_3_3a9d_une-femme-dans-l-histoire-saluee-par-le_feb75502e9b19cbeffaa81c241e9de81.png', 'rel': 'enclosure'}]",http://www.lemonde.fr/mort-de-simone-veil/portfolio/2017/07/01/la-presse-francaise-rend-hommage-a-simone-veil_5154016_5153643.html,Mort de Simone Veil : les hommages de la presse française,"{'type': 'text/plain', 'language': None, 'base': 'http://web.archive.org/web/20170701183727/http://www.lemonde.fr/disparitions/rss_full.xml', 'value': 'Mort de Simone Veil : les hommages de la presse française'}","« Combattante », « un exemple de mère courage », « fidèle à ses convictions », « immortelle » : les superlatifs se multiplient dans la presse, samedi, pour la qualifier.","{'type': 'text/html', 'language': None, 'base': 'http://web.archive.org/web/20170701183727/http://www.lemonde.fr/disparitions/rss_full.xml', 'value': '«\xa0Combattante\xa0», «\xa0un exemple de mère courage\xa0», «\xa0fidèle à ses convictions\xa0», «\xa0immortelle\xa0»\xa0: les superlatifs se multiplient dans la presse, samedi, pour la qualifier.'}","Sat, 01 Jul 2017 04:18:04 +0200","time.struct_time(tm_year=2017, tm_mon=7, tm_mday=1, tm_hour=2, tm_min=18, tm_sec=4, tm_wday=5, tm_yday=182, tm_isdst=0)",http://www.lemonde.fr/tiny/5154016/,False
"[{'rel': 'alternate', 'type': 'text/html', 'href': 'http://www.lemonde.fr/mort-de-simone-veil/article/2017/06/30/mort-de-simone-veil-les-dirigeants-de-l-ue-perdent-une-grande-europeenne_5153985_5153643.html'}, {'type': 'image/jpeg', 'length': '26254', 'href': 'http://s1.lemde.fr/image/2017/06/30/644x322/5153983_3_2635_simone-veil-ouvre-la-premiere-cession-du_9d1ea32e37369232f33dea03d7a067b3.jpg', 'rel': 'enclosure'}]",http://www.lemonde.fr/mort-de-simone-veil/article/2017/06/30/mort-de-simone-veil-les-dirigeants-de-l-ue-perdent-une-grande-europeenne_5153985_5153643.html,Mort de Simone Veil : les dirigeants de l’UE perdent « une grande Européenne »,"{'type': 'text/plain', 'language': None, 'base': 'http://web.archive.org/web/20170701183727/http://www.lemonde.fr/disparitions/rss_full.xml', 'value': 'Mort de Simone Veil\xa0: les dirigeants de l’UE perdent «\xa0une grande Européenne\xa0»'}",Ils ont salué le parcours et le combat de celle qui fut la première présidente du Parlement européen élue au suffrage universel direct.,"{'type': 'text/html', 'language': None, 'base': 'http://web.archive.org/web/20170701183727/http://www.lemonde.fr/disparitions/rss_full.xml', 'value': 'Ils ont salué le parcours et le combat de celle qui fut la première présidente du Parlement européen élue au suffrage universel direct.'}","Fri, 30 Jun 2017 21:17:34 +0200","time.struct_time(tm_year=2017, tm_mon=6, tm_mday=30, tm_hour=19, tm_min=17, tm_sec=34, tm_wday=4, tm_yday=181, tm_isdst=0)",http://www.lemonde.fr/tiny/5153985/,False
"[{'rel': 'alternate', 'type': 'text/html', 'href': 'http://www.lemonde.fr/mort-de-simone-veil/article/2017/06/30/simone-veil-est-une-feministe-mais-aussi-une-femme-de-son-temps_5153903_5153643.html'}, {'type': 'image/jpeg', 'length': '39505', 'href': 'http://s2.lemde.fr/image/2017/06/30/644x322/5153989_3_f52c_simone-veil-lors-des-elections-europeennes-du-1_fa77443a724c54ecdda2b9137765a8fb.jpg', 'rel': 'enclosure'}]",http://www.lemonde.fr/mort-de-simone-veil/article/2017/06/30/simone-veil-est-une-feministe-mais-aussi-une-femme-de-son-temps_5153903_5153643.html,"« Simone Veil était une féministe, mais aussi une femme de son temps »","{'type': 'text/plain', 'language': None, 'base': 'http://web.archive.org/web/20170701183727/http://www.lemonde.fr/disparitions/rss_full.xml', 'value': '«\xa0Simone Veil était une féministe, mais aussi une femme de son temps\xa0»'}","A l’occasion de la mort de Simone Veil, notre journaliste Anne Chemin a répondu à vos questions sur l’héritage de l’ancienne déportée et femme politique.","{'type': 'text/html', 'language': None, 'base': 'http://web.archive.org/web/20170701183727/http://www.lemonde.fr/disparitions/rss_full.xml', 'value': 'A l’occasion de la mort de Simone Veil, notre journaliste Anne Chemin a répondu à vos questions sur l’héritage de l’ancienne déportée et femme politique.'}","Fri, 30 Jun 2017 17:13:21 +0200","time.struct_time(tm_year=2017, tm_mon=6, tm_mday=30, tm_hour=15, tm_min=13, tm_sec=21, tm_wday=4, tm_yday=181, tm_isdst=0)",http://www.lemonde.fr/tiny/5153903/,False
"[{'rel': 'alternate', 'type': 'text/html', 'href': 'http://www.lemonde.fr/mort-de-simone-veil/article/2017/06/30/le-combat-de-simone-veil-pour-l-avortement-je-n-avais-pas-d-etat-d-ame-je-savais-ou-j-allais_5153720_5153643.html'}, {'type': 'image/jpeg', 'length': '35997', 'href': 'http://s1.lemde.fr/image/2017/06/30/644x322/5153719_3_188a_le-13-decembre-1974-la-ministre-de-la-sante-s_82f4edf83f1f481e3a96c6ea80410e71.jpg', 'rel': 'enclosure'}]",http://www.lemonde.fr/mort-de-simone-veil/article/2017/06/30/le-combat-de-simone-veil-pour-l-avortement-je-n-avais-pas-d-etat-d-ame-je-savais-ou-j-allais_5153720_5153643.html,Le combat de Simone Veil pour l’avortement : « Je n’avais pas d’état d’âme. Je savais où j’allais »,"{'type': 'text/plain', 'language': None, 'base': 'http://web.archive.org/web/20170701183727/http://www.lemonde.fr/disparitions/rss_full.xml', 'value': 'Le combat de Simone Veil pour l’avortement\xa0: «\xa0Je n’avais pas d’état d’âme. Je savais où j’allais\xa0»'}","Le 26 novembre 1974, la ministre de la santé défend, face à l’Assemblée nationale, la loi autorisant l’interruption volontaire de grossesse. Extrait de son autobiographie « Une vie » (Stock, 2007).","{'type': 'text/html', 'language': None, 'base': 'http://web.archive.org/web/20170701183727/http://www.lemonde.fr/disparitions/rss_full.xml', 'value': 'Le 26\xa0novembre 1974, la ministre de la santé défend, face à l’Assemblée nationale, la loi autorisant l’interruption volontaire de grossesse. Extrait de son autobiographie «\xa0Une vie\xa0» (Stock, 2007).'}","Fri, 30 Jun 2017 12:19:41 +0200","time.struct_time(tm_year=2017, tm_mon=6, tm_mday=30, tm_hour=10, tm_min=19, tm_sec=41, tm_wday=4, tm_yday=181, tm_isdst=0)",http://www.lemonde.fr/tiny/5153720/,False
"[{'rel': 'alternate', 'type': 'text/html', 'href': 'http://www.lemonde.fr/mort-de-simone-veil/article/2017/06/30/mort-de-simone-veil-puisse-son-exemple-inspirer-nos-compatriotes_5153716_5153643.html'}, {'type': 'image/jpeg', 'length': '41305', 'href': 'http://s2.lemde.fr/image/2017/06/30/644x322/5153722_3_e04c_a-son-entree-a-l-academie-francaise_459098719528f57de6d8b2a723fb0bc4.jpg', 'rel': 'enclosure'}]",http://www.lemonde.fr/mort-de-simone-veil/article/2017/06/30/mort-de-simone-veil-puisse-son-exemple-inspirer-nos-compatriotes_5153716_5153643.html,Les obsèques officielles de Simone Veil se tiendront mercredi aux Invalides,"{'type': 'text/plain', 'language': None, 'base': 'http://web.archive.org/web/20170701183727/http://www.lemonde.fr/disparitions/rss_full.xml', 'value': 'Les obsèques officielles de Simone Veil se tiendront mercredi aux Invalides'}","Les réactions politiques sont unanimes pour saluer la mémoire de l’ancienne ministre, morte vendredi à l’âge de 89 ans, qui porta la loi légalisant l’avortement en 1974.","{'type': 'text/html', 'language': None, 'base': 'http://web.archive.org/web/20170701183727/http://www.lemonde.fr/disparitions/rss_full.xml', 'value': 'Les réactions politiques sont unanimes pour saluer la mémoire de l’ancienne ministre, morte vendredi à l’âge de 89 ans, qui porta la loi légalisant l’avortement en 1974.'}","Fri, 30 Jun 2017 12:18:26 +0200","time.struct_time(tm_year=2017, tm_mon=6, tm_mday=30, tm_hour=10, tm_min=18, tm_sec=26, tm_wday=4, tm_yday=181, tm_isdst=0)",http://www.lemonde.fr/tiny/5153716/,False
"[{'rel': 'alternate', 'type': 'text/html', 'href': 'http://www.lemonde.fr/mort-de-simone-veil/article/2017/06/30/quand-simone-veil-racontait-auschwitz-birkenau-la-cheminee-des-crematoires-fumait-sans-cesse_5153710_5153643.html'}, {'type': 'image/jpeg', 'length': '26547', 'href': 'http://s1.lemde.fr/image/2017/06/30/644x322/5153724_3_aa41_simone-veil-en-2002-au-parlement-allemand_1781791e7aa6de29208ad1083036afaa.jpg', 'rel': 'enclosure'}]",http://www.lemonde.fr/mort-de-simone-veil/article/2017/06/30/quand-simone-veil-racontait-auschwitz-birkenau-la-cheminee-des-crematoires-fumait-sans-cesse_5153710_5153643.html,Simone Veil raconte Auschwitz-Birkenau : « La cheminée des crématoires fumait sans cesse »,"{'type': 'text/plain', 'language': None, 'base': 'http://web.archive.org/web/20170701183727/http://www.lemonde.fr/disparitions/rss_full.xml', 'value': 'Simone Veil raconte Auschwitz-Birkenau\xa0: «\xa0La cheminée des crématoires fumait sans cesse\xa0»'}","Dans « Une vie », Simone Veil a raconté sa déportation, avec sa sœur et sa mère, en avril 1944.","{'type': 'text/html', 'language': None, 'base': 'http://web.archive.org/web/20170701183727/http://www.lemonde.fr/disparitions/rss_full.xml', 'value': 'Dans «\xa0Une vie\xa0», Simone Veil a raconté sa déportation, avec sa sœur et sa mère, en avril\xa01944.'}","Fri, 30 Jun 2017 12:13:43 +0200","time.struct_time(tm_year=2017, tm_mon=6, tm_mday=30, tm_hour=10, tm_min=13, tm_sec=43, tm_wday=4, tm_yday=181, tm_isdst=0)",http://www.lemonde.fr/tiny/5153710/,False
"[{'rel': 'alternate', 'type': 'text/html', 'href': 'http://www.lemonde.fr/idees/article/2017/06/30/maurice-szafran-simone-qui-disait-toujours-non_5153688_3232.html'}, {'type': 'image/jpeg', 'length': '48168', 'href': 'http://s2.lemde.fr/image/2017/06/30/644x322/5153687_3_d6f0_simone-l-indomptable-qui-jamais-n-a-plie_5930226e6982466752d7b2f230d13636.jpg', 'rel': 'enclosure'}]",http://www.lemonde.fr/idees/article/2017/06/30/maurice-szafran-simone-qui-disait-toujours-non_5153688_3232.html,Maurice Szafran : « Simone qui disait toujours “non” »,"{'type': 'text/plain', 'language': None, 'base': 'http://web.archive.org/web/20170701183727/http://www.lemonde.fr/disparitions/rss_full.xml', 'value': 'Maurice Szafran\xa0: «\xa0Simone qui disait toujours “non”\xa0»'}","Simone Veil est morte à l’âge de 89 ans. L’ancienne déportée, ex-ministre de la santé et présidente du Parlement européen incarnait la persévérance et le courage, rappelle son biographe, Maurice Szafran, dans une tribune au « Monde ».","{'type': 'text/html', 'language': None, 'base': 'http://web.archive.org/web/20170701183727/http://www.lemonde.fr/disparitions/rss_full.xml', 'value': 'Simone Veil est morte à l’âge de 89 ans. L’ancienne déportée, ex-ministre de la santé et présidente du Parlement européen incarnait la persévérance et le courage, rappelle son biographe, Maurice Szafran, dans une tribune au «\xa0Monde\xa0».'}","Fri, 30 Jun 2017 11:44:15 +0200","time.struct_time(tm_year=2017, tm_mon=6, tm_mday=30, tm_hour=9, tm_min=44, tm_sec=15, tm_wday=4, tm_yday=181, tm_isdst=0)",http://www.lemonde.fr/tiny/5153688/,False
"[{'rel': 'alternate', 'type': 'text/html', 'href': 'http://www.lemonde.fr/mort-de-simone-veil/article/2017/06/30/simone-veil-vue-par-serge-klarsfeld-valery-giscard-d-estaing-et-jacques-delors_5153685_5153643.html'}, {'type': 'image/jpeg', 'length': '48026', 'href': 'http://s1.lemde.fr/image/2017/06/30/644x322/5153708_3_9ff8_simone-veil-et-valery-giscard-d-estaing-en_583724f0ebcbe964bc7c84923551d887.jpg', 'rel': 'enclosure'}]",http://www.lemonde.fr/mort-de-simone-veil/article/2017/06/30/simone-veil-vue-par-serge-klarsfeld-valery-giscard-d-estaing-et-jacques-delors_5153685_5153643.html,"Simone Veil vue par Serge Klarsfeld, Valéry Giscard d’Estaing et Jacques Delors","{'type': 'text/plain', 'language': None, 'base': 'http://web.archive.org/web/20170701183727/http://www.lemonde.fr/disparitions/rss_full.xml', 'value': 'Simone Veil vue par Serge Klarsfeld, Valéry Giscard d’Estaing et Jacques Delors'}","En mars 2010, à l’occasion de l’entrée de Simone Veil à l’Académie française, « Le Monde » avait interrogé Serge Klarsfeld, Valéry Giscard d’Estaing et Jacques Delors.","{'type': 'text/html', 'language': None, 'base': 'http://web.archive.org/web/20170701183727/http://www.lemonde.fr/disparitions/rss_full.xml', 'value': 'En mars 2010, à l’occasion de l’entrée de Simone Veil à l’Académie française, «\xa0Le Monde\xa0» avait interrogé Serge Klarsfeld, Valéry Giscard d’Estaing et Jacques Delors.'}","Fri, 30 Jun 2017 11:43:46 +0200","time.struct_time(tm_year=2017, tm_mon=6, tm_mday=30, tm_hour=9, tm_min=43, tm_sec=46, tm_wday=4, tm_yday=181, tm_isdst=0)",http://www.lemonde.fr/tiny/5153685/,False
"[{'rel': 'alternate', 'type': 'text/html', 'href': 'http://www.lemonde.fr/mort-de-simone-veil/live/2017/06/30/en-direct-mort-de-simone-veil-icone-francaise-du-xxe-siecle_5153676_5153643.html'}, {'type': 'image/jpeg', 'length': '39720', 'href': 'http://s2.lemde.fr/image/2017/06/30/644x322/5153786_3_5b83_files-this-file-photo-taken-on-october-16_8f728f24f2764b981b72893b8f2a8559.jpg', 'rel': 'enclosure'}]",http://www.lemonde.fr/mort-de-simone-veil/live/2017/06/30/en-direct-mort-de-simone-veil-icone-francaise-du-xxe-siecle_5153676_5153643.html,Retrouvez les réactions à la disparition de Simone Veil,"{'type': 'text/plain', 'language': None, 'base': 'http://web.archive.org/web/20170701183727/http://www.lemonde.fr/disparitions/rss_full.xml', 'value': 'Retrouvez les réactions à la disparition de Simone\xa0Veil'}","L’ancienne ministre et rescapée de la Shoah est décédée vendredi, à l’âge de 89 ans. Elle avait défendu la loi légalisant l’avortement en 1974.","{'type': 'text/html', 'language': None, 'base': 'http://web.archive.org/web/20170701183727/http://www.lemonde.fr/disparitions/rss_full.xml', 'value': 'L’ancienne ministre et rescapée de la Shoah est décédée vendredi, à l’âge de 89 ans. Elle avait défendu la loi légalisant l’avortement en 1974.'}","Fri, 30 Jun 2017 11:39:07 +0200","time.struct_time(tm_year=2017, tm_mon=6, tm_mday=30, tm_hour=9, tm_min=39, tm_sec=7, tm_wday=4, tm_yday=181, tm_isdst=0)",http://www.lemonde.fr/tiny/5153676/,False
"[{'rel': 'alternate', 'type': 'text/html', 'href': 'http://www.lemonde.fr/mort-de-simone-veil/article/2017/06/30/simone-veil-vue-par-ses-fils-notre-mere-n-est-pas-une-statue_5153674_5153643.html'}, {'type': 'image/jpeg', 'length': '30312', 'href': 'http://s1.lemde.fr/image/2017/06/30/644x322/5153673_3_4f98_simone-veil-en-2008_302b2b0884c2967f93c5b78e186f4f7b.jpg', 'rel': 'enclosure'}]",http://www.lemonde.fr/mort-de-simone-veil/article/2017/06/30/simone-veil-vue-par-ses-fils-notre-mere-n-est-pas-une-statue_5153674_5153643.html,Simone Veil vue par ses fils : « Notre mère n’est pas une statue »,"{'type': 'text/plain', 'language': None, 'base': 'http://web.archive.org/web/20170701183727/http://www.lemonde.fr/disparitions/rss_full.xml', 'value': 'Simone Veil vue par ses fils\xa0: «\xa0Notre mère n’est pas une statue\xa0»'}","Jean et Pierre-François Veil, ses fils, évoquent une femme débordante d’activité : à la fois étudiante et mère, mariée et indépendante, constamment occupée mais « très présente »","{'type': 'text/html', 'language': None, 'base': 'http://web.archive.org/web/20170701183727/http://www.lemonde.fr/disparitions/rss_full.xml', 'value': 'Jean et Pierre-François Veil, ses fils, évoquent une femme débordante d’activité\xa0: à la fois étudiante et mère, mariée et indépendante, constamment occupée mais «\xa0très présente\xa0»'}","Fri, 30 Jun 2017 11:37:18 +0200","time.struct_time(tm_year=2017, tm_mon=6, tm_mday=30, tm_hour=9, tm_min=37, tm_sec=18, tm_wday=4, tm_yday=181, tm_isdst=0)",http://www.lemonde.fr/tiny/5153674/,False
"[{'rel': 'alternate', 'type': 'text/html', 'href': 'http://www.lemonde.fr/mort-de-simone-veil/portfolio/2017/06/30/simone-veil-grande-conscience-francaise-du-xxe-siecle_5153666_5153643.html'}, {'type': 'image/jpeg', 'length': '40354', 'href': 'http://s2.lemde.fr/image/2017/06/30/644x322/5153651_3_1765_simone-veil-s-adresse-aux-agriculteurs-venus-m_6d7dadebdcc5577c309211db558b875c.jpg', 'rel': 'enclosure'}]",http://www.lemonde.fr/mort-de-simone-veil/portfolio/2017/06/30/simone-veil-grande-conscience-francaise-du-xxe-siecle_5153666_5153643.html,"Simone Veil, grande conscience française du XXe siècle","{'type': 'text/plain', 'language': None, 'base': 'http://web.archive.org/web/20170701183727/http://www.lemonde.fr/disparitions/rss_full.xml', 'value': 'Simone Veil, grande conscience française du XXe siècle'}","Connue pour son fort caractère, celle qui a été l’une des personnalités préférées des Français était affaiblie depuis plusieurs années.","{'type': 'text/html', 'language': None, 'base': 'http://web.archive.org/web/20170701183727/http://www.lemonde.fr/disparitions/rss_full.xml', 'value': 'Connue pour son fort caractère, celle qui a été l’une des personnalités préférées des Français était affaiblie depuis plusieurs années.'}","Fri, 30 Jun 2017 11:33:07 +0200","time.struct_time(tm_year=2017, tm_mon=6, tm_mday=30, tm_hour=9, tm_min=33, tm_sec=7, tm_wday=4, tm_yday=181, tm_isdst=0)",http://www.lemonde.fr/tiny/5153666/,False
"[{'rel': 'alternate', 'type': 'text/html', 'href': 'http://www.lemonde.fr/disparitions/article/2017/06/30/simone-veil-la-parole-libre-d-une-femme-dans-un-monde-d-hommes_5153615_3382.html'}, {'type': 'image/jpeg', 'length': '39717', 'href': 'http://s1.lemde.fr/image/2017/07/01/644x322/5154120_3_3f30_le-20-juin-1974-le-premier-ministre-jacques_a83b8a3127d533d2ca85b2e9b788e33c.jpg', 'rel': 'enclosure'}]",http://www.lemonde.fr/disparitions/article/2017/06/30/simone-veil-la-parole-libre-d-une-femme-dans-un-monde-d-hommes_5153615_3382.html,"Simone Veil, la parole libre d’une femme dans un monde d’hommes","{'type': 'text/plain', 'language': None, 'base': 'http://web.archive.org/web/20170701183727/http://www.lemonde.fr/disparitions/rss_full.xml', 'value': 'Simone Veil, la parole libre d’une femme dans un monde d’hommes'}","Rescapée d’Auschwitz-Birkenau, symbole des progrès des droits des femmes et figure de la construction européenne, l’ancienne ministre est morte à 89 ans.","{'type': 'text/html', 'language': None, 'base': 'http://web.archive.org/web/20170701183727/http://www.lemonde.fr/disparitions/rss_full.xml', 'value': 'Rescapée d’Auschwitz-Birkenau, symbole des progrès des droits des femmes et figure de la construction européenne, l’ancienne ministre est morte à 89 ans.'}","Fri, 30 Jun 2017 11:18:22 +0200","time.struct_time(tm_year=2017, tm_mon=6, tm_mday=30, tm_hour=9, tm_min=18, tm_sec=22, tm_wday=4, tm_yday=181, tm_isdst=0)",http://www.lemonde.fr/tiny/5153615/,False
"[{'rel': 'alternate', 'type': 'text/html', 'href': 'http://www.lemonde.fr/societe/video/2017/06/30/simone-veil-extrait-de-son-discours-marquant-sur-l-avortement-a-l-assemblee-nationale_5153585_3224.html'}, {'type': 'image/png', 'length': '491486', 'href': 'http://s2.lemde.fr/image/2017/06/30/644x322/5153581_3_db12_2016-08-10-7371f61-1357-1eu8qcd_15ec74cb8bbaf2674cc00781ca42a241.png', 'rel': 'enclosure'}]",http://www.lemonde.fr/societe/video/2017/06/30/simone-veil-extrait-de-son-discours-marquant-sur-l-avortement-a-l-assemblee-nationale_5153585_3224.html,Simone Veil et l’IVG : extrait du discours marquant de l’ancienne ministre à l’Assemblée,"{'type': 'text/plain', 'language': None, 'base': 'http://web.archive.org/web/20170701183727/http://www.lemonde.fr/disparitions/rss_full.xml', 'value': 'Simone Veil et l’IVG : extrait du discours marquant de l’ancienne ministre à l’Assemblée'}","Un avortement « restera toujours un drame », déclarait, le 26 novembre 1974, la ministre de la santé qui défendait la réforme de la loi sur l’avortement.","{'type': 'text/html', 'language': None, 'base': 'http://web.archive.org/web/20170701183727/http://www.lemonde.fr/disparitions/rss_full.xml', 'value': 'Un avortement «\xa0restera toujours un drame\xa0», déclarait, le 26\xa0novembre 1974, la ministre de la santé qui défendait la réforme de la loi sur l’avortement.'}","Fri, 30 Jun 2017 11:04:13 +0200","time.struct_time(tm_year=2017, tm_mon=6, tm_mday=30, tm_hour=9, tm_min=4, tm_sec=13, tm_wday=4, tm_yday=181, tm_isdst=0)",http://www.lemonde.fr/tiny/5153585/,False
