title,title_detail,published,published_parsed,summary,summary_detail,id,guidislink,link,links,media_content,content,media_credit,credit
L’écrivain Michel Schneider est mort,"{'type': 'text/plain', 'language': None, 'base': 'http://web.archive.org/web/20220722110537/https://www.lemonde.fr/disparitions/rss_full.xml', 'value': 'L’écrivain Michel Schneider est mort'}","Fri, 22 Jul 2022 12:38:50 +0200","time.struct_time(tm_year=2022, tm_mon=7, tm_mday=22, tm_hour=10, tm_min=38, tm_sec=50, tm_wday=4, tm_yday=203, tm_isdst=0)","Haut fonctionnaire, psychanalyste, l’auteur de « La Comédie de la culture » laisse une œuvre abondante et diverse, où il évoque notamment son histoire familiale, la musique, ses auteurs de prédilection… Il est décédé le 21 juillet, à l’âge de 78 ans.","{'type': 'text/html', 'language': None, 'base': 'http://web.archive.org/web/20220722110537/https://www.lemonde.fr/disparitions/rss_full.xml', 'value': 'Haut fonctionnaire, psychanalyste, l’auteur de «\xa0La Comédie de la culture\xa0» laisse une œuvre abondante et diverse, où il évoque notamment son histoire familiale, la musique, ses auteurs de prédilection… Il est décédé le\xa021\xa0juillet, à l’âge de\xa078\xa0ans.'}",https://www.lemonde.fr/disparitions/article/2022/07/22/l-ecrivain-michel-schneider-est-mort_6135765_3382.html,True,https://www.lemonde.fr/disparitions/article/2022/07/22/l-ecrivain-michel-schneider-est-mort_6135765_3382.html,"[{'rel': 'alternate', 'type': 'text/html', 'href': 'https://www.lemonde.fr/disparitions/article/2022/07/22/l-ecrivain-michel-schneider-est-mort_6135765_3382.html'}]","[{'url': 'https://img.lemde.fr/2022/07/22/65/0/5472/2736/644/322/60/0/f3cd2a6_1658481040220-000-qp2tp.jpg', 'width': '644', 'height': '322'}]","[{'type': 'text/plain', 'language': None, 'base': 'http://web.archive.org/web/20220722110537/https://www.lemonde.fr/disparitions/rss_full.xml', 'value': 'Michel Schneider, à Paris, en juillet 2017.'}]","[{'scheme': 'urn:ebu', 'content': 'JOEL SAGET / AFP'}]",JOEL SAGET / AFP
"Dani, figure de la nuit parisienne, est morte à 77 ans","{'type': 'text/plain', 'language': None, 'base': 'http://web.archive.org/web/20220722110537/https://www.lemonde.fr/disparitions/rss_full.xml', 'value': 'Dani, figure de la nuit parisienne, est morte à 77 ans'}","Tue, 19 Jul 2022 18:20:19 +0200","time.struct_time(tm_year=2022, tm_mon=7, tm_mday=19, tm_hour=16, tm_min=20, tm_sec=19, tm_wday=1, tm_yday=200, tm_isdst=0)","La chanteuse et comédienne, à qui Gainsbourg a offert le titre « Comme un boomerang » et Truffaut l’un de ses premiers rôles au cinéma, est décédée lundi 18 juillet, alors qu’elle préparait un nouvel album.","{'type': 'text/html', 'language': None, 'base': 'http://web.archive.org/web/20220722110537/https://www.lemonde.fr/disparitions/rss_full.xml', 'value': 'La chanteuse et comédienne, à qui Gainsbourg a offert le titre «\xa0Comme un boomerang\xa0» et Truffaut l’un de ses premiers rôles au cinéma, est décédée lundi 18 juillet, alors qu’elle préparait un nouvel album.'}",https://www.lemonde.fr/culture/article/2022/07/19/dani-figure-de-la-nuit-parisienne-decedee-lundi-18-juillet-preparait-un-nouvel-album_6135403_3246.html,True,https://www.lemonde.fr/culture/article/2022/07/19/dani-figure-de-la-nuit-parisienne-decedee-lundi-18-juillet-preparait-un-nouvel-album_6135403_3246.html,"[{'rel': 'alternate', 'type': 'text/html', 'href': 'https://www.lemonde.fr/culture/article/2022/07/19/dani-figure-de-la-nuit-parisienne-decedee-lundi-18-juillet-preparait-un-nouvel-album_6135403_3246.html'}]","[{'url': 'https://img.lemde.fr/2022/07/19/578/0/1944/972/644/322/60/0/35446e4_1658236467222-gettyimages-124131120.jpg', 'width': '644', 'height': '322'}]","[{'type': 'text/plain', 'language': None, 'base': 'http://web.archive.org/web/20220722110537/https://www.lemonde.fr/disparitions/rss_full.xml', 'value': 'Dani, chez elle, en juillet 1973.'}]","[{'scheme': 'urn:ebu', 'content': 'Daniel SIMON/Gamma-Rapho via Getty Images'}]",Daniel SIMON/Gamma-Rapho via Getty Images
"La mort de l’éditeur Alain Gründ, une vision internationale de l’édition","{'type': 'text/plain', 'language': None, 'base': 'http://web.archive.org/web/20220722110537/https://www.lemonde.fr/disparitions/rss_full.xml', 'value': 'La mort de l’éditeur Alain Gründ, une vision internationale de l’édition'}","Tue, 19 Jul 2022 18:16:14 +0200","time.struct_time(tm_year=2022, tm_mon=7, tm_mday=19, tm_hour=16, tm_min=16, tm_sec=14, tm_wday=1, tm_yday=200, tm_isdst=0)","Il avait redressé l’entreprise familiale Gründ en déclin entre 1963 et 2007, en lançant notamment « Où est Charlie ? ». Impliqué dans les causes collectives, l’éditeur a œuvré sans relâche à faire rayonner le livre et la lecture en France et à l’étranger.","{'type': 'text/html', 'language': None, 'base': 'http://web.archive.org/web/20220722110537/https://www.lemonde.fr/disparitions/rss_full.xml', 'value': 'Il avait redressé l’entreprise familiale Gründ en déclin entre 1963 et 2007, en lançant notamment «\xa0Où est Charlie\xa0?\xa0». Impliqué dans les causes collectives, l’éditeur a œuvré sans relâche à faire rayonner le livre et la lecture en France et à l’étranger.'}",https://www.lemonde.fr/disparitions/article/2022/07/19/la-mort-de-l-editeur-alain-grund-une-vision-internationale-de-l-edition_6135402_3382.html,True,https://www.lemonde.fr/disparitions/article/2022/07/19/la-mort-de-l-editeur-alain-grund-une-vision-internationale-de-l-edition_6135402_3382.html,"[{'rel': 'alternate', 'type': 'text/html', 'href': 'https://www.lemonde.fr/disparitions/article/2022/07/19/la-mort-de-l-editeur-alain-grund-une-vision-internationale-de-l-edition_6135402_3382.html'}]","[{'url': 'https://img.lemde.fr/2022/07/19/60/0/1920/960/644/322/60/0/5e94e42_1658241048274-alain-grnd.jpg', 'width': '644', 'height': '322'}]","[{'type': 'text/plain', 'language': None, 'base': 'http://web.archive.org/web/20220722110537/https://www.lemonde.fr/disparitions/rss_full.xml', 'value': 'Alain Gründ, dans son bureau (date inconnue).'}]","[{'scheme': 'urn:ebu', 'content': 'COLLECTION PERSONNELLE'}]",COLLECTION PERSONNELLE
"Dani, chanteuse, actrice et reine du « Paris by night » des années 1970, est morte","{'type': 'text/plain', 'language': None, 'base': 'http://web.archive.org/web/20220722110537/https://www.lemonde.fr/disparitions/rss_full.xml', 'value': 'Dani, chanteuse, actrice et reine du «\xa0Paris by night\xa0» des années 1970, est morte'}","Tue, 19 Jul 2022 09:24:41 +0200","time.struct_time(tm_year=2022, tm_mon=7, tm_mday=19, tm_hour=7, tm_min=24, tm_sec=41, tm_wday=1, tm_yday=200, tm_isdst=0)","Celle qui fut aussi mannequin et meneuse de revue est morte à 77 ans des « suites d’un malaise », selon son manageur, qui lui a rendu hommage : « Si Dani a inspiré tant d’artistes, c’est qu’elle était un souffle de vie puissant. »","{'type': 'text/html', 'language': None, 'base': 'http://web.archive.org/web/20220722110537/https://www.lemonde.fr/disparitions/rss_full.xml', 'value': 'Celle qui fut aussi mannequin et meneuse de revue est morte à 77\xa0ans des «\xa0suites d’un malaise\xa0», selon son manageur, qui lui a rendu hommage\xa0: «\xa0Si Dani a inspiré tant d’artistes, c’est qu’elle était un souffle de vie puissant.\xa0»'}",https://www.lemonde.fr/disparitions/article/2022/07/19/la-chanteuse-dani-est-morte-a-l-age-de-77-ans_6135316_3382.html,True,https://www.lemonde.fr/disparitions/article/2022/07/19/la-chanteuse-dani-est-morte-a-l-age-de-77-ans_6135316_3382.html,"[{'rel': 'alternate', 'type': 'text/html', 'href': 'https://www.lemonde.fr/disparitions/article/2022/07/19/la-chanteuse-dani-est-morte-a-l-age-de-77-ans_6135316_3382.html'}]","[{'url': 'https://img.lemde.fr/2022/07/19/464/0/5568/2784/644/322/60/0/917d016_1658215624018-830381.jpg', 'width': '644', 'height': '322'}]","[{'type': 'text/plain', 'language': None, 'base': 'http://web.archive.org/web/20220722110537/https://www.lemonde.fr/disparitions/rss_full.xml', 'value': 'La chanteuse et actrice française Danièle Graule, alias «\xa0Dani\xa0», lors d’une séance photo à Boulogne-Billancourt, près de Paris, le 3\xa0septembre 2020.'}]","[{'scheme': 'urn:ebu', 'content': 'CHRISTOPHE ARCHAMBAULT / AFP'}]",CHRISTOPHE ARCHAMBAULT / AFP
"Claes Oldenburg, géant du pop art, est mort","{'type': 'text/plain', 'language': None, 'base': 'http://web.archive.org/web/20220722110537/https://www.lemonde.fr/disparitions/rss_full.xml', 'value': 'Claes Oldenburg, géant du pop art, est mort'}","Tue, 19 Jul 2022 06:34:30 +0200","time.struct_time(tm_year=2022, tm_mon=7, tm_mday=19, tm_hour=4, tm_min=34, tm_sec=30, tm_wday=1, tm_yday=200, tm_isdst=0)","Ses immenses sculptures d’objets du quotidien se sont invitées dans les espaces publics du monde entier. L’artiste américain, d’origine suédoise, avait 93 ans.","{'type': 'text/html', 'language': None, 'base': 'http://web.archive.org/web/20220722110537/https://www.lemonde.fr/disparitions/rss_full.xml', 'value': 'Ses immenses sculptures d’objets du quotidien se sont invitées dans les espaces publics du monde entier. L’artiste américain, d’origine suédoise, avait 93\xa0ans.'}",https://www.lemonde.fr/disparitions/article/2022/07/19/claes-oldenburg-geant-du-pop-art-est-mort_6135299_3382.html,True,https://www.lemonde.fr/disparitions/article/2022/07/19/claes-oldenburg-geant-du-pop-art-est-mort_6135299_3382.html,"[{'rel': 'alternate', 'type': 'text/html', 'href': 'https://www.lemonde.fr/disparitions/article/2022/07/19/claes-oldenburg-geant-du-pop-art-est-mort_6135299_3382.html'}]","[{'url': 'https://img.lemde.fr/2022/07/20/731/0/2043/1021/644/322/60/0/607e907_1658325594677-473643.jpg', 'width': '644', 'height': '322'}]","[{'type': 'text/plain', 'language': None, 'base': 'http://web.archive.org/web/20220722110537/https://www.lemonde.fr/disparitions/rss_full.xml', 'value': 'L’artiste pop Claes Oldenburg pose pour une photo à son domicile à New York le 26 avril 1986.'}]","[{'scheme': 'urn:ebu', 'content': 'David Bookstaver / AP'}]",David Bookstaver / AP
"La mort de Jacqueline Challet-Haas, danseuse passionnée par l’écriture de la danse","{'type': 'text/plain', 'language': None, 'base': 'http://web.archive.org/web/20220722110537/https://www.lemonde.fr/disparitions/rss_full.xml', 'value': 'La mort de Jacqueline Challet-Haas, danseuse passionnée par l’écriture de la danse'}","Mon, 18 Jul 2022 18:48:13 +0200","time.struct_time(tm_year=2022, tm_mon=7, tm_mday=18, tm_hour=16, tm_min=48, tm_sec=13, tm_wday=0, tm_yday=199, tm_isdst=0)","Cette pédagogue française était devenue une des spécialistes de la notation Laban, système de transcription des mouvements. Elle est morte le 6 juillet, à 87 ans.","{'type': 'text/html', 'language': None, 'base': 'http://web.archive.org/web/20220722110537/https://www.lemonde.fr/disparitions/rss_full.xml', 'value': 'Cette pédagogue française était devenue une des spécialistes de la notation Laban, système de transcription des mouvements. Elle est morte le 6\xa0juillet, à 87\xa0ans.'}",https://www.lemonde.fr/culture/article/2022/07/18/la-mort-de-jacqueline-challet-haas-danseuse-passionnee-par-l-ecriture-de-la-danse_6135251_3246.html,True,https://www.lemonde.fr/culture/article/2022/07/18/la-mort-de-jacqueline-challet-haas-danseuse-passionnee-par-l-ecriture-de-la-danse_6135251_3246.html,"[{'rel': 'alternate', 'type': 'text/html', 'href': 'https://www.lemonde.fr/culture/article/2022/07/18/la-mort-de-jacqueline-challet-haas-danseuse-passionnee-par-l-ecriture-de-la-danse_6135251_3246.html'}]","[{'url': 'https://img.lemde.fr/2022/07/18/0/242/922/461/644/322/60/0/a4d8aba_1658130438343-unnamed-1.png', 'width': '644', 'height': '322'}]","[{'type': 'text/plain', 'language': None, 'base': 'http://web.archive.org/web/20220722110537/https://www.lemonde.fr/disparitions/rss_full.xml', 'value': 'Jacqueline Challet-Haas (debout à gauche) à l’Ecole supérieure d’études chorégraphiques, en 1958.'}]","[{'scheme': 'urn:ebu', 'content': 'Fonds d’archives Ecole Supérieure d’Etudes Chorégraphiques'}]",Fonds d’archives Ecole Supérieure d’Etudes Chorégraphiques
"Ivana Trump, la première épouse de Donald Trump, est morte","{'type': 'text/plain', 'language': None, 'base': 'http://web.archive.org/web/20220722110537/https://www.lemonde.fr/disparitions/rss_full.xml', 'value': 'Ivana Trump, la première épouse de Donald Trump, est morte'}","Thu, 14 Jul 2022 23:43:52 +0200","time.struct_time(tm_year=2022, tm_mon=7, tm_mday=14, tm_hour=21, tm_min=43, tm_sec=52, tm_wday=3, tm_yday=195, tm_isdst=0)",Cette ancienne skieuse de fond et mannequin d’origine tchèque fut mariée au milliardaire républicain de 1977 à 1992. Elle avait 73 ans.,"{'type': 'text/html', 'language': None, 'base': 'http://web.archive.org/web/20220722110537/https://www.lemonde.fr/disparitions/rss_full.xml', 'value': 'Cette ancienne skieuse de fond et mannequin d’origine tchèque fut mariée au milliardaire républicain de 1977 à 1992. Elle avait 73\xa0ans.'}",https://www.lemonde.fr/disparitions/article/2022/07/14/ivana-trump-la-premiere-epouse-de-donald-trump-est-morte_6134833_3382.html,True,https://www.lemonde.fr/disparitions/article/2022/07/14/ivana-trump-la-premiere-epouse-de-donald-trump-est-morte_6134833_3382.html,"[{'rel': 'alternate', 'type': 'text/html', 'href': 'https://www.lemonde.fr/disparitions/article/2022/07/14/ivana-trump-la-premiere-epouse-de-donald-trump-est-morte_6134833_3382.html'}]","[{'url': 'https://img.lemde.fr/2022/07/14/9/0/2048/1024/644/322/60/0/6131611_5705640-01-06.jpg', 'width': '644', 'height': '322'}]","[{'type': 'text/plain', 'language': None, 'base': 'http://web.archive.org/web/20220722110537/https://www.lemonde.fr/disparitions/rss_full.xml', 'value': 'Ivana Trump aux côtés de sa fille, Ivanka, le 4 août 2001 à Monaco.'}]","[{'scheme': 'urn:ebu', 'content': 'VANINA LUCCHESI / AFP'}]",VANINA LUCCHESI / AFP
"La mort de Charlotte Valandrey, l’actrice de « Rouge baiser » au destin contrarié","{'type': 'text/plain', 'language': None, 'base': 'http://web.archive.org/web/20220722110537/https://www.lemonde.fr/disparitions/rss_full.xml', 'value': 'La mort de Charlotte Valandrey, l’actrice de «\xa0Rouge baiser\xa0» au destin contrarié'}","Thu, 14 Jul 2022 17:35:34 +0200","time.struct_time(tm_year=2022, tm_mon=7, tm_mday=14, tm_hour=15, tm_min=35, tm_sec=34, tm_wday=3, tm_yday=195, tm_isdst=0)","Révélée au cinéma à 17 ans, on lui prédisait un destin à la Sophie Marceau. Eloignée des plateaux en raison de sa séropositivité, elle aura couru toute sa vie après ce destin contrarié. Sans jamais baisser les bras ni la garde.","{'type': 'text/html', 'language': None, 'base': 'http://web.archive.org/web/20220722110537/https://www.lemonde.fr/disparitions/rss_full.xml', 'value': 'Révélée au cinéma à 17 ans, on lui prédisait un destin à la Sophie Marceau. Eloignée des plateaux en raison de sa séropositivité, elle aura couru toute sa vie après ce destin contrarié. Sans jamais baisser les bras ni la garde.'}",https://www.lemonde.fr/disparitions/article/2022/07/14/la-mort-de-charlotte-valandrey-l-actrice-de-rouge-baiser-au-destin-contrarie_6134809_3382.html,True,https://www.lemonde.fr/disparitions/article/2022/07/14/la-mort-de-charlotte-valandrey-l-actrice-de-rouge-baiser-au-destin-contrarie_6134809_3382.html,"[{'rel': 'alternate', 'type': 'text/html', 'href': 'https://www.lemonde.fr/disparitions/article/2022/07/14/la-mort-de-charlotte-valandrey-l-actrice-de-rouge-baiser-au-destin-contrarie_6134809_3382.html'}]","[{'url': 'https://img.lemde.fr/2022/07/13/335/0/3800/1900/644/322/60/0/e2b1eaa_5697966-01-06.jpg', 'width': '644', 'height': '322'}]","[{'type': 'text/plain', 'language': None, 'base': 'http://web.archive.org/web/20220722110537/https://www.lemonde.fr/disparitions/rss_full.xml', 'value': 'L’atrice Charlotte Valandrey, en 2013.'}]","[{'scheme': 'urn:ebu', 'content': 'PIERRE ANDRIEU / AFP'}]",PIERRE ANDRIEU / AFP
"Eugenio Scalfari, fondateur du quotidien italien « La Repubblica », est mort","{'type': 'text/plain', 'language': None, 'base': 'http://web.archive.org/web/20220722110537/https://www.lemonde.fr/disparitions/rss_full.xml', 'value': 'Eugenio Scalfari, fondateur du quotidien italien «\xa0La\xa0Repubblica\xa0», est mort'}","Thu, 14 Jul 2022 11:48:41 +0200","time.struct_time(tm_year=2022, tm_mon=7, tm_mday=14, tm_hour=9, tm_min=48, tm_sec=41, tm_wday=3, tm_yday=195, tm_isdst=0)","Figure de proue de la vie intellectuelle italienne, ce journaliste de renom et patron de presse à succès est décédé à 98 ans.","{'type': 'text/html', 'language': None, 'base': 'http://web.archive.org/web/20220722110537/https://www.lemonde.fr/disparitions/rss_full.xml', 'value': 'Figure de proue de la vie intellectuelle italienne, ce journaliste de renom et patron de presse à succès est décédé à 98\xa0ans.'}",https://www.lemonde.fr/disparitions/article/2022/07/14/eugenio-scalfari-fondateur-du-quotidien-italien-la-repubblica-est-mort_6134757_3382.html,True,https://www.lemonde.fr/disparitions/article/2022/07/14/eugenio-scalfari-fondateur-du-quotidien-italien-la-repubblica-est-mort_6134757_3382.html,"[{'rel': 'alternate', 'type': 'text/html', 'href': 'https://www.lemonde.fr/disparitions/article/2022/07/14/eugenio-scalfari-fondateur-du-quotidien-italien-la-repubblica-est-mort_6134757_3382.html'}]","[{'url': 'https://img.lemde.fr/2022/07/14/352/0/4256/2128/644/322/60/0/88ca511_1657798324767-rea6647705.jpg', 'width': '644', 'height': '322'}]","[{'type': 'text/plain', 'language': None, 'base': 'http://web.archive.org/web/20220722110537/https://www.lemonde.fr/disparitions/rss_full.xml', 'value': 'Eugenio Scalfari, fondateur du journal «\xa0La Repubblica\xa0», le 19 janvier 2014.'}]","[{'scheme': 'urn:ebu', 'content': 'Paolo TRE/A3-CONTRASTO-REA'}]",Paolo TRE/A3-CONTRASTO-REA
"L’actrice Charlotte Valandrey est morte, après une nouvelle opération du cœur","{'type': 'text/plain', 'language': None, 'base': 'http://web.archive.org/web/20220722110537/https://www.lemonde.fr/disparitions/rss_full.xml', 'value': 'L’actrice Charlotte Valandrey est morte, après une nouvelle opération du cœur'}","Wed, 13 Jul 2022 21:21:14 +0200","time.struct_time(tm_year=2022, tm_mon=7, tm_mday=13, tm_hour=19, tm_min=21, tm_sec=14, tm_wday=2, tm_yday=194, tm_isdst=0)","Connue pour ses rôles dans des séries télévisées comme « Les Cordier, juge et flic », elle avait reçu le 14 juin une nouvelle greffe du cœur, qui n’a pas pris. Elle avait 53 ans.","{'type': 'text/html', 'language': None, 'base': 'http://web.archive.org/web/20220722110537/https://www.lemonde.fr/disparitions/rss_full.xml', 'value': 'Connue pour ses rôles dans des séries télévisées comme «\xa0Les Cordier, juge et flic\xa0», elle avait reçu le 14\xa0juin une nouvelle greffe du cœur, qui n’a pas pris. Elle avait 53\xa0ans.'}",https://www.lemonde.fr/cinema/article/2022/07/13/l-actrice-charlotte-valandrey-est-morte-apres-une-nouvelle-operation-du-c-ur_6134691_3476.html,True,https://www.lemonde.fr/cinema/article/2022/07/13/l-actrice-charlotte-valandrey-est-morte-apres-une-nouvelle-operation-du-c-ur_6134691_3476.html,"[{'rel': 'alternate', 'type': 'text/html', 'href': 'https://www.lemonde.fr/cinema/article/2022/07/13/l-actrice-charlotte-valandrey-est-morte-apres-une-nouvelle-operation-du-c-ur_6134691_3476.html'}]","[{'url': 'https://img.lemde.fr/2022/07/13/0/0/4860/2430/644/322/60/0/2f39066_5697307-01-06.jpg', 'width': '644', 'height': '322'}]","[{'type': 'text/plain', 'language': None, 'base': 'http://web.archive.org/web/20220722110537/https://www.lemonde.fr/disparitions/rss_full.xml', 'value': 'Charlotte Valandrey, lors du Festival de télévision de Monte-Carlo, en juin\xa02018.'}]","[{'scheme': 'urn:ebu', 'content': 'VALERY HACHE / AFP'}]",VALERY HACHE / AFP
"Luis Echeverria, ancien président mexicain, est mort","{'type': 'text/plain', 'language': None, 'base': 'http://web.archive.org/web/20220722110537/https://www.lemonde.fr/disparitions/rss_full.xml', 'value': 'Luis Echeverria, ancien président mexicain, est mort'}","Tue, 12 Jul 2022 14:19:07 +0200","time.struct_time(tm_year=2022, tm_mon=7, tm_mday=12, tm_hour=12, tm_min=19, tm_sec=7, tm_wday=1, tm_yday=193, tm_isdst=0)",Cet avocat de profession avait été accusé du massacre d’étudiants dans le quartier de Tlatelolco juste avant les Jeux olympiques de 1968 à Mexico.,"{'type': 'text/html', 'language': None, 'base': 'http://web.archive.org/web/20220722110537/https://www.lemonde.fr/disparitions/rss_full.xml', 'value': 'Cet avocat de profession avait été accusé du massacre d’étudiants dans le quartier de Tlatelolco juste avant les Jeux olympiques de 1968 à Mexico.'}",https://www.lemonde.fr/disparitions/article/2022/07/12/luis-echeverria-ancien-president-mexicain-est-mort_6134482_3382.html,True,https://www.lemonde.fr/disparitions/article/2022/07/12/luis-echeverria-ancien-president-mexicain-est-mort_6134482_3382.html,"[{'rel': 'alternate', 'type': 'text/html', 'href': 'https://www.lemonde.fr/disparitions/article/2022/07/12/luis-echeverria-ancien-president-mexicain-est-mort_6134482_3382.html'}]","[{'url': 'https://img.lemde.fr/2022/07/09/0/0/3000/1500/644/322/60/0/3d4095b_1f389a0d893a43c9a5dfd6bf2fc89cac-1f389a0d893a43c9a5dfd6bf2fc89cac-0.jpg', 'width': '644', 'height': '322'}]","[{'type': 'text/plain', 'language': None, 'base': 'http://web.archive.org/web/20220722110537/https://www.lemonde.fr/disparitions/rss_full.xml', 'value': 'Luis Echeverria, le 16 novembre 1969, à Mexico, après son investiture pour la présidentielle de 1970.'}]","[{'scheme': 'urn:ebu', 'content': 'AP'}]",AP
"Mort de Monty Norman, compositeur original de la musique de James Bond","{'type': 'text/plain', 'language': None, 'base': 'http://web.archive.org/web/20220722110537/https://www.lemonde.fr/disparitions/rss_full.xml', 'value': 'Mort de Monty Norman, compositeur original de\xa0la\xa0musique de James Bond'}","Mon, 11 Jul 2022 20:19:53 +0200","time.struct_time(tm_year=2022, tm_mon=7, tm_mday=11, tm_hour=18, tm_min=19, tm_sec=53, tm_wday=0, tm_yday=192, tm_isdst=0)","Créée pour le premier film de la saga, « James Bond contre Dr No » (1962), la version de la musique de Monty Norman ne convainc pas les producteurs, qui demandent à John Barry de la retoucher.","{'type': 'text/html', 'language': None, 'base': 'http://web.archive.org/web/20220722110537/https://www.lemonde.fr/disparitions/rss_full.xml', 'value': 'Créée pour le premier film de la saga, «\xa0James Bond contre Dr No\xa0» (1962), la version de la musique de Monty Norman ne convainc pas les producteurs, qui demandent à John Barry de la retoucher.'}",https://www.lemonde.fr/disparitions/article/2022/07/11/mort-de-monty-norman-compositeur-original-de-la-musique-de-james-bond_6134382_3382.html,True,https://www.lemonde.fr/disparitions/article/2022/07/11/mort-de-monty-norman-compositeur-original-de-la-musique-de-james-bond_6134382_3382.html,"[{'rel': 'alternate', 'type': 'text/html', 'href': 'https://www.lemonde.fr/disparitions/article/2022/07/11/mort-de-monty-norman-compositeur-original-de-la-musique-de-james-bond_6134382_3382.html'}]","[{'url': 'https://img.lemde.fr/2022/07/11/167/0/2000/1000/644/322/60/0/e696b59_1d6a6a3ff31c41098674e0a1e05d17ce-1d6a6a3ff31c41098674e0a1e05d17ce-0.jpg', 'width': '644', 'height': '322'}]","[{'type': 'text/plain', 'language': None, 'base': 'http://web.archive.org/web/20220722110537/https://www.lemonde.fr/disparitions/rss_full.xml', 'value': 'Monty Norman, en 2001.'}]","[{'scheme': 'urn:ebu', 'content': 'KIRSTY WIGLLESWORTH / AP'}]",KIRSTY WIGLLESWORTH / AP
"La mort de James Caan, inoubliable interprète de Sonny dans « Le Parrain »","{'type': 'text/plain', 'language': None, 'base': 'http://web.archive.org/web/20220722110537/https://www.lemonde.fr/disparitions/rss_full.xml', 'value': 'La mort de James Caan, inoubliable interprète de Sonny dans «\xa0Le Parrain\xa0»'}","Sun, 10 Jul 2022 15:19:53 +0200","time.struct_time(tm_year=2022, tm_mon=7, tm_mday=10, tm_hour=13, tm_min=19, tm_sec=53, tm_wday=6, tm_yday=191, tm_isdst=0)","Le comédien, abonné aux personnages d’hyperactifs, repéré par Howard Hawks, qui lui confia un rôle dans « Ligne rouge 7000 », est mort à l’âge de 82 ans.","{'type': 'text/html', 'language': None, 'base': 'http://web.archive.org/web/20220722110537/https://www.lemonde.fr/disparitions/rss_full.xml', 'value': 'Le comédien, abonné aux personnages d’hyperactifs, repéré par Howard Hawks, qui lui confia un rôle dans «\xa0Ligne rouge\xa07000 », est mort à l’âge de 82\xa0ans.'}",https://www.lemonde.fr/culture/article/2022/07/10/la-mort-de-james-caan-inoubliable-interprete-de-sonny-dans-le-parrain_6134185_3246.html,True,https://www.lemonde.fr/culture/article/2022/07/10/la-mort-de-james-caan-inoubliable-interprete-de-sonny-dans-le-parrain_6134185_3246.html,"[{'rel': 'alternate', 'type': 'text/html', 'href': 'https://www.lemonde.fr/culture/article/2022/07/10/la-mort-de-james-caan-inoubliable-interprete-de-sonny-dans-le-parrain_6134185_3246.html'}]","[{'url': 'https://img.lemde.fr/2022/07/07/128/0/1994/997/644/322/60/0/a7aae38_5652025-01-06.jpg', 'width': '644', 'height': '322'}]","[{'type': 'text/plain', 'language': None, 'base': 'http://web.archive.org/web/20220722110537/https://www.lemonde.fr/disparitions/rss_full.xml', 'value': 'James Caan le 22 février, à Hollywood.'}]","[{'scheme': 'urn:ebu', 'content': 'CHRIS DELMAS / AFP'}]",CHRIS DELMAS / AFP
"La milliardaire Lily Safra, veuve du banquier Edmond Safra, est morte","{'type': 'text/plain', 'language': None, 'base': 'http://web.archive.org/web/20220722110537/https://www.lemonde.fr/disparitions/rss_full.xml', 'value': 'La milliardaire Lily Safra, veuve du banquier Edmond Safra, est morte'}","Sat, 09 Jul 2022 22:14:58 +0200","time.struct_time(tm_year=2022, tm_mon=7, tm_mday=9, tm_hour=20, tm_min=14, tm_sec=58, tm_wday=5, tm_yday=190, tm_isdst=0)","Connue pour ses dons philanthropiques, elle avait épousé Edmond Safra en 1976, de la de la fortune duquel elle avait hérité en 1999.","{'type': 'text/html', 'language': None, 'base': 'http://web.archive.org/web/20220722110537/https://www.lemonde.fr/disparitions/rss_full.xml', 'value': 'Connue pour ses dons philanthropiques, elle avait épousé Edmond Safra en\xa01976, de la de la fortune duquel elle avait hérité en\xa01999.'}",https://www.lemonde.fr/disparitions/article/2022/07/09/la-milliardaire-lily-safra-veuve-du-banquier-edmond-safra-est-morte_6134130_3382.html,True,https://www.lemonde.fr/disparitions/article/2022/07/09/la-milliardaire-lily-safra-veuve-du-banquier-edmond-safra-est-morte_6134130_3382.html,"[{'rel': 'alternate', 'type': 'text/html', 'href': 'https://www.lemonde.fr/disparitions/article/2022/07/09/la-milliardaire-lily-safra-veuve-du-banquier-edmond-safra-est-morte_6134130_3382.html'}]","[{'url': 'https://img.lemde.fr/2022/07/09/43/0/3192/1596/644/322/60/0/812fdac_1657397403432-000-arp3819625.jpg', 'width': '644', 'height': '322'}]","[{'type': 'text/plain', 'language': None, 'base': 'http://web.archive.org/web/20220722110537/https://www.lemonde.fr/disparitions/rss_full.xml', 'value': 'Lily Safra, lors de l’inauguration de l’Institut Claude-Pompidou, un centre de soins et de recherche sur la maladie d’Alzheimer, le 10\xa0mars 2014, à Nice.'}]","[{'scheme': 'urn:ebu', 'content': 'VALERY HACHE / AFP'}]",VALERY HACHE / AFP
"L’ex-président Echeverria, poursuivi pour la « guerre sale » contre des opposants au Mexique, est mort","{'type': 'text/plain', 'language': None, 'base': 'http://web.archive.org/web/20220722110537/https://www.lemonde.fr/disparitions/rss_full.xml', 'value': 'L’ex-président Echeverria, poursuivi pour la «\xa0guerre sale\xa0» contre des opposants au Mexique, est mort'}","Sat, 09 Jul 2022 19:06:27 +0200","time.struct_time(tm_year=2022, tm_mon=7, tm_mday=9, tm_hour=17, tm_min=6, tm_sec=27, tm_wday=5, tm_yday=190, tm_isdst=0)","Avocat de profession, Luis Echeverria Alvarez a aussi été accusé du massacre de deux cents étudiants dans le quartier de Tlatelolco juste avant les Jeux olympiques de 1968 à Mexico.","{'type': 'text/html', 'language': None, 'base': 'http://web.archive.org/web/20220722110537/https://www.lemonde.fr/disparitions/rss_full.xml', 'value': 'Avocat de profession, Luis Echeverria Alvarez a aussi été accusé du massacre de deux cents\xa0étudiants dans le quartier de Tlatelolco juste avant les Jeux olympiques de 1968 à Mexico.'}",https://www.lemonde.fr/disparitions/article/2022/07/09/l-ex-president-echeverria-poursuivi-pour-la-guerre-sale-contre-des-opposants-au-mexique-est-mort_6134124_3382.html,True,https://www.lemonde.fr/disparitions/article/2022/07/09/l-ex-president-echeverria-poursuivi-pour-la-guerre-sale-contre-des-opposants-au-mexique-est-mort_6134124_3382.html,"[{'rel': 'alternate', 'type': 'text/html', 'href': 'https://www.lemonde.fr/disparitions/article/2022/07/09/l-ex-president-echeverria-poursuivi-pour-la-guerre-sale-contre-des-opposants-au-mexique-est-mort_6134124_3382.html'}]","[{'url': 'https://img.lemde.fr/2022/07/09/208/0/2464/1232/644/322/60/0/c79b681_5668641-01-06.jpg', 'width': '644', 'height': '322'}]","[{'type': 'text/plain', 'language': None, 'base': 'http://web.archive.org/web/20220722110537/https://www.lemonde.fr/disparitions/rss_full.xml', 'value': 'L’ancien président mexicain, Luis Echeverria,  le 9\xa0juillet 2002.'}]","[{'scheme': 'urn:ebu', 'content': 'JORGE UZON / AFP'}]",JORGE UZON / AFP
"Tony Sirico, star de la série « Les Soprano », est mort","{'type': 'text/plain', 'language': None, 'base': 'http://web.archive.org/web/20220722110537/https://www.lemonde.fr/disparitions/rss_full.xml', 'value': 'Tony Sirico, star de la série «\xa0Les Soprano\xa0», est mort'}","Sat, 09 Jul 2022 06:14:25 +0200","time.struct_time(tm_year=2022, tm_mon=7, tm_mday=9, tm_hour=4, tm_min=14, tm_sec=25, tm_wday=5, tm_yday=190, tm_isdst=0)","Cantonné à des rôles mineurs de gangster pendant des décennies, il avait été choisi pour incarner l’excentrique et parfois brutal Paulie, devenant l’un des personnages les plus mémorables de la série. Il est mort, vendredi, à l’âge de 79 ans.","{'type': 'text/html', 'language': None, 'base': 'http://web.archive.org/web/20220722110537/https://www.lemonde.fr/disparitions/rss_full.xml', 'value': 'Cantonné à des rôles mineurs de gangster pendant des décennies, il avait été choisi pour incarner l’excentrique et parfois brutal Paulie, devenant l’un des personnages les plus mémorables de la série. Il est mort, vendredi, à l’âge de 79\xa0ans.'}",https://www.lemonde.fr/disparitions/article/2022/07/09/mort-de-tony-sirico-star-de-la-serie-les-soprano_6134073_3382.html,True,https://www.lemonde.fr/disparitions/article/2022/07/09/mort-de-tony-sirico-star-de-la-serie-les-soprano_6134073_3382.html,"[{'rel': 'alternate', 'type': 'text/html', 'href': 'https://www.lemonde.fr/disparitions/article/2022/07/09/mort-de-tony-sirico-star-de-la-serie-les-soprano_6134073_3382.html'}]","[{'url': 'https://img.lemde.fr/2022/07/09/372/1254/1746/873/644/322/60/0/1ede1d9_5663989-01-06.jpg', 'width': '644', 'height': '322'}]","[{'type': 'text/plain', 'language': None, 'base': 'http://web.archive.org/web/20220722110537/https://www.lemonde.fr/disparitions/rss_full.xml', 'value': 'Tony Sirico, lors de la première de la série «\xa0Boardwalk Empire\xa0», à New York, le 15\xa0septembre\xa02010.'}]","[{'scheme': 'urn:ebu', 'content': 'NEILSON BARNARD / AFP'}]",NEILSON BARNARD / AFP
"Shinzo Abe, ex-premier ministre et « faiseur de rois »","{'type': 'text/plain', 'language': None, 'base': 'http://web.archive.org/web/20220722110537/https://www.lemonde.fr/disparitions/rss_full.xml', 'value': 'Shinzo Abe, ex-premier ministre et «\xa0faiseur de rois\xa0»'}","Fri, 08 Jul 2022 20:12:56 +0200","time.struct_time(tm_year=2022, tm_mon=7, tm_mday=8, tm_hour=18, tm_min=12, tm_sec=56, tm_wday=4, tm_yday=189, tm_isdst=0)","Assassiné lors d’un meeting politique vendredi, cet héritier de grandes familles politiques et figure de proue des milieux conservateurs aura marqué jusqu’à sa mort la vie publique nippone.","{'type': 'text/html', 'language': None, 'base': 'http://web.archive.org/web/20220722110537/https://www.lemonde.fr/disparitions/rss_full.xml', 'value': 'Assassiné lors d’un meeting politique vendredi, cet héritier de grandes familles politiques et figure de proue des milieux conservateurs aura marqué jusqu’à sa mort la vie publique nippone.'}",https://www.lemonde.fr/international/article/2022/07/08/shinzo-abe-ex-premier-ministre-et-faiseur-de-rois_6134040_3210.html,True,https://www.lemonde.fr/international/article/2022/07/08/shinzo-abe-ex-premier-ministre-et-faiseur-de-rois_6134040_3210.html,"[{'rel': 'alternate', 'type': 'text/html', 'href': 'https://www.lemonde.fr/international/article/2022/07/08/shinzo-abe-ex-premier-ministre-et-faiseur-de-rois_6134040_3210.html'}]","[{'url': 'https://img.lemde.fr/2022/07/08/288/0/5184/2592/644/322/60/0/9fce6f7_c8a8cea29dd349aa9b975a9b6761ed68-c8a8cea29dd349aa9b975a9b6761ed68-0.jpg', 'width': '644', 'height': '322'}]","[{'type': 'text/plain', 'language': None, 'base': 'http://web.archive.org/web/20220722110537/https://www.lemonde.fr/disparitions/rss_full.xml', 'value': 'L’ex-premier ministre  japonais Shinzo Abe, à Tokyo en septembre 2013.'}]","[{'scheme': 'urn:ebu', 'content': 'Koji Sasahara / AP'}]",Koji Sasahara / AP
L’ancien président angolais José Eduardo dos Santos est mort,"{'type': 'text/plain', 'language': None, 'base': 'http://web.archive.org/web/20220722110537/https://www.lemonde.fr/disparitions/rss_full.xml', 'value': 'L’ancien président angolais José Eduardo dos Santos est mort'}","Fri, 08 Jul 2022 14:46:15 +0200","time.struct_time(tm_year=2022, tm_mon=7, tm_mday=8, tm_hour=12, tm_min=46, tm_sec=15, tm_wday=4, tm_yday=189, tm_isdst=0)","Chef de l’Etat et du Mouvement populaire de libération de l’Angola pendant près de quatre décennies, il a mené son pays d’une main de fer, détournant au profit de son clan les revenus du pétrole avant d’être contraint à l’exil. Il est mort le 8 juillet, à l’âge de 79 ans.","{'type': 'text/html', 'language': None, 'base': 'http://web.archive.org/web/20220722110537/https://www.lemonde.fr/disparitions/rss_full.xml', 'value': 'Chef de l’Etat et du Mouvement populaire de libération de l’Angola pendant près de quatre décennies, il a mené son pays d’une main de fer, détournant au profit de son clan les revenus du pétrole avant d’être contraint à l’exil. Il est mort le 8\xa0juillet, à l’âge de 79\xa0ans.'}",https://www.lemonde.fr/afrique/article/2022/07/08/l-ancien-president-angolais-jose-eduardo-dos-santos-est-mort_6133993_3212.html,True,https://www.lemonde.fr/afrique/article/2022/07/08/l-ancien-president-angolais-jose-eduardo-dos-santos-est-mort_6133993_3212.html,"[{'rel': 'alternate', 'type': 'text/html', 'href': 'https://www.lemonde.fr/afrique/article/2022/07/08/l-ancien-president-angolais-jose-eduardo-dos-santos-est-mort_6133993_3212.html'}]","[{'url': 'https://img.lemde.fr/2022/07/08/300/0/3600/1800/644/322/60/0/0492398_5658873-01-06.jpg', 'width': '644', 'height': '322'}]","[{'type': 'text/plain', 'language': None, 'base': 'http://web.archive.org/web/20220722110537/https://www.lemonde.fr/disparitions/rss_full.xml', 'value': 'José Eduardo dos Santos le 19 août 2017 à Luanda, en Angola.'}]","[{'scheme': 'urn:ebu', 'content': 'MARCO LONGARI / AFP'}]",MARCO LONGARI / AFP
"Kazuki Takahashi, auteur du manga « Yu-Gi-Oh ! » et amoureux des jeux, est mort","{'type': 'text/plain', 'language': None, 'base': 'http://web.archive.org/web/20220722110537/https://www.lemonde.fr/disparitions/rss_full.xml', 'value': 'Kazuki Takahashi, auteur du manga «\xa0Yu-Gi-Oh\xa0!\xa0» et amoureux des jeux, est mort'}","Fri, 08 Jul 2022 11:12:26 +0200","time.struct_time(tm_year=2022, tm_mon=7, tm_mday=8, tm_hour=9, tm_min=12, tm_sec=26, tm_wday=4, tm_yday=189, tm_isdst=0)","Le corps sans vie du mangaka a été retrouvé au large de Nago, dans le sud du Japon. Il avait connu un succès planétaire inattendu avec la série « Yu-Gi-Oh ! » et son dérivé en cartes à jouer.","{'type': 'text/html', 'language': None, 'base': 'http://web.archive.org/web/20220722110537/https://www.lemonde.fr/disparitions/rss_full.xml', 'value': 'Le corps sans vie du mangaka a été retrouvé au large de Nago, dans le sud du Japon. Il avait connu un succès planétaire inattendu avec la série «\xa0Yu-Gi-Oh\xa0!\xa0» et son dérivé en cartes à jouer.'}",https://www.lemonde.fr/pixels/article/2022/07/08/kazuki-takahashi-auteur-du-manga-yu-gi-oh-et-amoureux-des-jeux-est-mort_6133953_4408996.html,True,https://www.lemonde.fr/pixels/article/2022/07/08/kazuki-takahashi-auteur-du-manga-yu-gi-oh-et-amoureux-des-jeux-est-mort_6133953_4408996.html,"[{'rel': 'alternate', 'type': 'text/html', 'href': 'https://www.lemonde.fr/pixels/article/2022/07/08/kazuki-takahashi-auteur-du-manga-yu-gi-oh-et-amoureux-des-jeux-est-mort_6133953_4408996.html'}]","[{'url': 'https://img.lemde.fr/2022/07/08/283/0/5000/2500/644/322/60/0/36fb2ba_a50eba9de9854c19bf0d8fe70ebc136d-a50eba9de9854c19bf0d8fe70ebc136d-0.jpg', 'width': '644', 'height': '322'}]","[{'type': 'text/plain', 'language': None, 'base': 'http://web.archive.org/web/20220722110537/https://www.lemonde.fr/disparitions/rss_full.xml', 'value': 'Un volume de la série de mangas «\xa0Yu-Gi-Oh\xa0!\xa0» et les cartes à collectionner du même nom, à Tokyo, le 7\xa0juillet\xa02022.'}]","[{'scheme': 'urn:ebu', 'content': 'Shohei Miyano / AP'}]",Shohei Miyano / AP
"James Caan, acteur révélé dans « Le Parrain », est mort","{'type': 'text/plain', 'language': None, 'base': 'http://web.archive.org/web/20220722110537/https://www.lemonde.fr/disparitions/rss_full.xml', 'value': 'James Caan, acteur révélé dans «\xa0Le\xa0Parrain\xa0», est mort'}","Thu, 07 Jul 2022 19:39:30 +0200","time.struct_time(tm_year=2022, tm_mon=7, tm_mday=7, tm_hour=17, tm_min=39, tm_sec=30, tm_wday=3, tm_yday=188, tm_isdst=0)","Le comédien, qui fut l’un des visages emblématiques du « Nouvel Hollywood », avait 82 ans.","{'type': 'text/html', 'language': None, 'base': 'http://web.archive.org/web/20220722110537/https://www.lemonde.fr/disparitions/rss_full.xml', 'value': 'Le comédien, qui fut l’un des visages emblématiques du «\xa0Nouvel Hollywood\xa0», avait 82\xa0ans.'}",https://www.lemonde.fr/disparitions/article/2022/07/07/james-caan-acteur-revele-dans-le-parrain-est-mort_6133861_3382.html,True,https://www.lemonde.fr/disparitions/article/2022/07/07/james-caan-acteur-revele-dans-le-parrain-est-mort_6133861_3382.html,"[{'rel': 'alternate', 'type': 'text/html', 'href': 'https://www.lemonde.fr/disparitions/article/2022/07/07/james-caan-acteur-revele-dans-le-parrain-est-mort_6133861_3382.html'}]","[{'url': 'https://img.lemde.fr/2022/07/07/57/0/3000/1500/644/322/60/0/0b60f77_d76067e659474cb7b16e9ea4b7b63c81-d76067e659474cb7b16e9ea4b7b63c81-0.jpg', 'width': '644', 'height': '322'}]","[{'type': 'text/plain', 'language': None, 'base': 'http://web.archive.org/web/20220722110537/https://www.lemonde.fr/disparitions/rss_full.xml', 'value': 'Al Pacino, dans le rôle de Michael Corleone, et James Caan, dans celui de Sonny Corleone, dans une scène du «\xa0Parrain\xa0», de Francis Ford Coppola, en 1972.'}]","[{'scheme': 'urn:ebu', 'content': 'AP'}]",AP
